002 032 019 046 031 025 020 - 175
006 009 026 008 036 049 041 - 175
039 018 004 045 024 016 029 - 175
043 034 028 001 011 023 035 - 175
040 047 013 033 017 022 003 - 175
007 014 048 027 044 030 005 - 175
038 021 037 015 012 010 042 - 175
 |   |   |   |   |   |   |   
175 175 175 175 175 175 175 


005 009 045 055 008 020 064 054 - 260
021 048 051 060 038 034 007 001 - 260
057 027 011 028 047 063 010 017 - 260
022 040 032 043 006 029 052 036 - 260
041 030 035 002 012 053 026 061 - 260
033 016 025 050 056 024 037 019 - 260
042 044 003 018 031 014 049 059 - 260
039 046 058 004 062 023 015 013 - 260
 |   |   |   |   |   |   |   |   
260 260 260 260 260 260 260 260 


015 073 027 033 029 050 030 042 070 - 369
059 052 076 034 001 020 032 038 057 - 369
069 008 040 053 081 024 037 006 051 - 369
045 009 026 061 079 028 063 039 019 - 369
014 077 060 043 017 080 013 058 007 - 369
021 065 022 056 011 048 068 074 004 - 369
044 018 012 002 066 023 054 072 078 - 369
055 003 075 041 036 025 062 005 067 - 369
047 064 031 046 049 071 010 035 016 - 369
 |   |   |   |   |   |   |   |   |   
369 369 369 369 369 369 369 369 369 
