023 019 005 006 012 - 065
009 014 001 024 017 - 065
008 022 013 004 018 - 065
010 003 025 011 016 - 065
015 007 021 020 002 - 065
 |   |   |   |   |   
065 065 065 065 065

016 003 035 013 036 008 - 111
033 032 019 018 005 004 - 111
007 012 031 006 025 030 - 111
011 021 010 028 015 026 - 111
017 009 014 022 029 020 - 111
027 034 002 024 001 023 - 111
 |   |   |   |   |   |   
111 111 111 111 111 111

018 005 016 030 027 034 045 - 175
033 038 043 020 012 022 007 - 175
037 042 017 026 049 001 003 - 175
021 036 044 014 002 039 019 - 175
011 015 008 047 040 025 029 - 175
009 004 023 028 032 048 031 - 175
046 035 024 010 013 006 041 - 175
 |   |   |   |   |   |   |   
175 175 175 175 175 175 175 
